1	 Cobb, T	CF	3035	11429	2246	4191	723	297	117	1938	1249	357	892	178	.367	.433	.513	.946
2	 Hornsby, R	2B	2259	8173	1579	2930	541	169	301	1584	1038	679	135	64	.358	.434	.577	1.010
3	 Delahanty, E	LF	1835	7505	1599	2596	522	185	101	1464	741	244	455	0	.346	.411	.505	.917
4	 Speaker, T	CF	2789	10195	1881	3515	792	222	117	1529	1381	220	432	129	.345	.428	.500	.928
5	 Williams, T	LF	2292	7706	1798	2654	525	71	521	1839	2019	709	24	17	.344	.482	.634	1.115
6	 Hamilton, B	CF	1591	6269	1691	2159	242	95	40	739	1187	218	912	0	.344	.455	.432	.888
7	 Brouthers, D	1B	1673	6711	1523	2296	460	205	106	1296	840	238	256	0	.342	.423	.519	.942
8	 Ruth, B	RF	2503	8399	2174	2873	506	136	714	2213	2062	1330	123	117	.342	.474	.690	1.164
9	 Heilmann, H	RF	2147	7787	1291	2660	542	151	183	1539	856	550	113	64	.342	.410	.520	.930
10	 Keeler, W	RF	2123	8591	1719	2932	241	145	33	810	524	36	495	0	.341	.388	.415	.802
11	 Terry, B	1B	1721	6428	1120	2193	373	112	154	1078	537	449	56	6	.341	.393	.506	.899
12	 Sisler, G	1B	2055	8267	1282	2812	425	164	102	1175	472	327	375	127	.340	.379	.468	.847
13	 Gehrig, L	1B	2164	8001	1888	2721	534	163	493	1995	1508	790	102	101	.340	.447	.632	1.080
14	 Lajoie, N	2B	2480	9589	1504	3252	657	163	82	1599	516	85	380	21	.339	.381	.466	.847
15	 Burkett, J	LF	2066	8421	1720	2850	320	182	75	952	1029	230	389	0	.338	.415	.446	.862
16	 Gwynn, T	RF	2440	9288	1383	3141	543	85	135	1138	790	434	319	125	.338	.388	.459	.847
17	 Simmons, A	LF	2215	8759	1507	2927	539	149	307	1827	615	737	88	64	.334	.380	.535	.915
18	 Waner, P	RF	2549	9459	1627	3152	605	191	113	1309	1091	376	104	0	.333	.404	.473	.878
19	 Collins, E	2B	2826	9949	1821	3314	438	187	47	1300	1499	286	745	173	.333	.424	.429	.853
20	 Anson, C	1B	2276	9101	1719	3011	528	124	97	1879	952	294	247	0	.331	.396	.446	.842
21	 Musial, S	OF	3026	10972	1949	3630	725	177	475	1951	1599	696	78	31	.331	.417	.559	.976
22	 Thompson, S	OF	1407	5984	1256	1979	340	160	126	1299	450	226	229	0	.331	.384	.504	.888
23	 Manush, H	LF	2008	7654	1288	2524	491	160	110	1183	506	345	114	58	.330	.377	.479	.856
24	 Wagner, H	SS	2792	10430	1736	3430	640	252	101	1732	963	327	722	15	.329	.392	.466	.858
25	 Boggs, W	3B	2440	9180	1513	3010	578	61	118	1014	1412	745	24	35	.328	.415	.443	.858
26	 Carew, R	1B	2469	9315	1424	3053	445	112	92	1015	1018	1028	353	187	.328	.393	.429	.822
27	 Duffy, H	CF	1737	7042	1552	2292	325	119	106	1302	662	211	574	0	.325	.386	.449	.835
28	 Foxx, J	1B	2317	8134	1751	2646	458	125	534	1922	1452	1311	87	72	.325	.428	.609	1.038
29	 Combs, E	CF	1455	5746	1186	1866	309	154	58	632	670	278	96	71	.325	.397	.462	.859
30	 DiMaggio, J	CF	1736	6821	1390	2214	389	131	361	1537	790	369	30	9	.325	.398	.579	.977
31	 Herman, B	RF	1552	5603	882	1818	399	110	181	997	520	553	94	0	.324	.383	.532	.915
32	 Medwick, J	LF	1984	7635	1198	2471	540	113	205	1383	437	551	42	0	.324	.362	.505	.867
33	 Roush, E	CF	1967	7363	1099	2376	339	182	68	981	484	260	268	92	.323	.369	.446	.815
34	 Rice, S	RF	2404	9269	1513	2987	498	184	34	1078	708	275	351	143	.322	.374	.427	.801
35	 Cuyler, K	RF	1879	7161	1305	2299	394	157	128	1065	676	752	328	27	.321	.386	.474	.860
36	 Gehringer, C	2B	2323	8860	1775	2839	574	146	184	1427	1186	372	181	89	.320	.404	.480	.884
37	 Cabrera, M	1B	2108	7894	1325	2528	524	17	448	1559	1019	1527	38	21	.320	.398	.561	.960
38	 Klein, C	RF	1753	6486	1168	2076	398	74	300	1201	601	521	79	0	.320	.379	.543	.922
39	 Traynor, P	3B	1941	7559	1183	2416	371	164	58	1273	472	278	158	46	.320	.362	.435	.797
40	 Cochrane, M	C	1482	5169	1041	1652	333	64	119	832	857	217	64	46	.320	.419	.478	.897
41	 Puckett, K	CF	1783	7244	1071	2304	414	57	207	1085	450	965	134	76	.318	.360	.477	.837
42	 Averill, E	CF	1668	6353	1224	2019	401	128	238	1164	774	518	70	57	.318	.395	.534	.928
43	 Guerrero, V	RF	2147	8155	1328	2590	477	46	449	1496	737	985	181	94	.318	.379	.553	.931
44	 Vaughan, A	SS	1817	6622	1175	2103	356	128	96	926	937	276	118	0	.318	.406	.453	.859
45	 Clemente, R	RF	2433	9454	1416	3000	440	166	240	1305	621	1230	83	46	.317	.359	.475	.834
46	 Kelley, J	LF	1853	7006	1421	2220	358	194	65	1194	911	163	443	0	.317	.402	.451	.853
47	 Wheat, Z	LF	2410	9106	1289	2884	476	172	132	1248	650	559	205	49	.317	.367	.450	.817
48	 Van Haltren, G	CF	1984	8021	1639	2539	285	161	69	1014	868	305	583	0	.317	.386	.417	.803
49	 Connor, R	1B	1997	7794	1620	2467	441	233	138	1322	1002	449	244	0	.317	.397	.486	.883
50	 Waner, L	CF	1993	7772	1201	2459	281	118	27	598	420	173	67	0	.316	.353	.393	.747
51	 Helton, T	1B	2247	7962	1401	2519	592	37	369	1406	1335	1175	37	29	.316	.414	.539	.953
52	 Frisch, F	2B	2311	9112	1532	2880	466	138	105	1244	728	272	419	74	.316	.369	.432	.801
53	 Goslin, G	LF	2287	8656	1482	2735	500	173	248	1609	949	585	175	89	.316	.387	.500	.887
54	 Greenberg, H	1B	1394	5193	1051	1628	379	71	331	1276	852	844	58	26	.313	.412	.605	1.017
55	 Fournier, J	1B	1530	5208	822	1631	252	113	136	859	587	408	145	94	.313	.392	.483	.875
56	 Flick, E	RF	1483	5597	950	1752	268	164	48	756	597	0	330	0	.313	.389	.445	.834
57	 Garciaparra, N	SS	1434	5586	927	1747	370	52	229	936	403	554	95	31	.313	.361	.521	.882
58	 Walker, L	RF	1988	6907	1355	2160	471	62	383	1311	913	1231	230	76	.313	.400	.565	.965
59	 Dickey, B	C	1789	6300	930	1969	343	72	202	1209	678	289	36	29	.313	.382	.486	.868
60	 Suzuki, I	RF	2510	9704	1397	3031	356	96	114	760	626	1043	508	116	.312	.356	.404	.760
61	 Ramirez, M	LF	2302	8244	1544	2574	547	20	555	1831	1329	1813	38	33	.312	.411	.585	.996
62	 Mize, J	1B	1884	6443	1118	2011	367	83	359	1337	856	524	28	1	.312	.397	.562	.959
63	 Sewell, J	SS	1903	7132	1141	2226	436	68	49	1055	842	114	74	72	.312	.391	.413	.804
64	 Clarke, F	LF	2242	8568	1619	2672	361	220	67	1015	874	135	506	0	.312	.386	.429	.814
65	 Martinez, E	DH	2055	7213	1219	2247	514	15	309	1261	1283	1202	49	30	.312	.418	.515	.933
66	 Lindstrom, F	3B	1438	5611	895	1747	301	81	103	779	334	276	84	10	.311	.351	.449	.800
67	 Miller, B	RF	1820	6212	946	1934	389	96	116	990	383	340	127	82	.311	.359	.461	.820
68	 Jacobson, B	OF	1472	5507	788	1714	328	94	83	819	355	410	86	54	.311	.357	.450	.807
69	 Beaumont, G	CF	1463	5660	955	1759	182	82	39	617	425	14	254	0	.311	.362	.393	.755
70	 Tiernan, M	OF	1476	5906	1313	1835	256	162	106	851	747	318	428	0	.311	.392	.463	.855
71	 Appling, L	SS	2422	8856	1319	2749	440	102	45	1116	1302	528	179	108	.310	.399	.398	.798
72	 Veach, B	OF	1821	6656	952	2063	393	147	64	1166	571	367	195	84	.310	.370	.442	.812
73	 O'Rourke, J	LF	1774	7435	1446	2304	414	132	50	1010	481	348	191	0	.310	.355	.421	.776
74	 Bottomley, J	1B	1991	7471	1177	2313	465	151	219	1422	664	591	58	15	.310	.369	.500	.869
75	 Jeter, D	SS	2747	11195	1923	3465	544	66	260	1311	1082	1840	358	97	.310	.377	.440	.817
76	 Crawford, S	RF	2517	9570	1391	2961	458	309	97	1525	760	104	366	30	.309	.362	.452	.814
77	 Meusel, B	LF	1407	5475	826	1693	368	95	156	1067	375	619	142	102	.309	.356	.497	.852
78	 Ordonez, M	RF	1848	6978	1076	2156	426	21	294	1236	651	852	94	50	.309	.369	.502	.871
79	 Tobin, J	OF	1619	6174	936	1906	294	99	64	581	508	267	147	62	.309	.364	.420	.784
80	 Pujols, A	DH	2439	9188	1673	2835	603	16	592	1825	1218	1061	107	41	.309	.392	.571	.963
81	 Piazza, M	C	1912	6911	1048	2127	344	8	427	1335	759	1113	17	20	.308	.377	.545	.922
82	 Mauer, J	1B	1602	5966	889	1836	365	28	130	810	825	869	50	17	.308	.391	.444	.834
83	 Ashburn, R	CF	2189	8365	1322	2574	317	109	29	586	1198	571	234	92	.308	.396	.382	.778
84	 Ryan, J	OF	2012	8164	1642	2512	451	157	118	1093	803	361	418	0	.308	.375	.444	.819
85	 Kelly, K	RF	1455	5894	1357	1813	359	102	69	950	549	418	368	0	.308	.368	.438	.806
86	 Beckley, J	1B	2386	9526	1600	2930	473	243	87	1575	616	270	315	0	.308	.361	.436	.797
87	 McInnis, S	1B	2128	7822	871	2405	312	101	20	1062	380	189	172	59	.307	.343	.381	.723
88	 Mattingly, D	1B	1785	7003	1007	2153	442	20	222	1099	588	444	14	9	.307	.358	.471	.830
89	 Vosmik, J	OF	1414	5472	818	1682	335	92	65	874	514	272	23	24	.307	.369	.438	.807
90	 Baker, H	3B	1575	5984	887	1838	315	103	96	987	473	182	235	28	.307	.363	.442	.805
91	 Burns, G	1B	1866	6573	901	2018	444	72	72	951	363	433	154	63	.307	.354	.429	.783
92	 Alou, M	CF	1667	5789	780	1777	236	50	31	427	311	377	156	80	.307	.345	.381	.726
93	 Kell, G	3B	1795	6702	881	2054	385	50	78	870	621	287	51	36	.306	.367	.414	.781
94	 Molitor, P	DH	2683	10835	1782	3319	605	114	234	1307	1094	1244	504	131	.306	.369	.448	.817
95	 Walker, D	RF	1905	6740	1037	2064	376	96	105	1023	817	325	59	10	.306	.383	.437	.820
96	 Childs, C	2B	1456	5618	1214	1720	205	100	20	743	991	117	269	0	.306	.416	.389	.805
97	 Lombardi, E	C	1853	5855	601	1792	277	27	190	990	430	262	8	0	.306	.358	.460	.818
98	 Cano, R	2B	1862	7266	1070	2223	483	33	280	1097	506	969	50	38	.306	.355	.497	.852
99	 Garr, R	LF	1317	5108	717	1562	212	64	75	408	246	445	172	83	.306	.339	.416	.755
100	 Aaron, H	RF	3298	12364	2174	3771	624	98	755	2297	1402	1383	240	73	.305	.374	.555	.928
101	 Stahl, C	CF	1304	5069	858	1546	219	118	36	622	470	0	189	0	.305	.369	.416	.785
102	 Brett, G	3B	2707	10349	1583	3154	665	137	317	1595	1096	908	201	97	.305	.369	.487	.857
103	 Madlock, B	3B	1806	6594	920	2008	348	34	163	860	605	510	174	90	.305	.365	.442	.807
104	 Herman, B	2B	1922	7707	1163	2345	486	82	47	839	737	428	67	0	.304	.367	.407	.774
105	 Oliva, T	RF	1676	6301	870	1917	329	48	220	947	448	645	86	55	.304	.353	.476	.830
106	 Ott, M	RF	2730	9456	1859	2876	488	72	511	1860	1708	896	89	0	.304	.414	.533	.947
107	 Braun, R	LF	1367	5294	889	1610	319	43	290	948	482	1082	185	51	.304	.367	.545	.912
108	 White, D	3B	1299	5335	849	1619	217	73	18	756	292	215	46	0	.303	.344	.382	.726
109	 Jones, C	3B	2499	8984	1619	2726	549	38	468	1623	1512	1409	150	46	.303	.401	.529	.930
110	 Clark, W	1B	1976	7173	1186	2176	440	47	284	1205	937	1190	67	48	.303	.384	.497	.880
111	 Jamieson, C	LF	1779	6560	1064	1990	322	80	18	552	748	345	131	110	.303	.378	.385	.763
112	 Alou, M	LF	1942	7037	1109	2134	421	39	332	1287	737	894	106	37	.303	.369	.516	.885
113	 Seymour, C	OF	1528	5682	737	1723	229	96	52	799	354	32	222	0	.303	.347	.405	.752
114	 Grace, M	1B	2245	8065	1179	2445	511	45	173	1146	1075	642	70	48	.303	.383	.442	.825
115	 Daubert, J	1B	2014	7673	1116	2326	250	165	56	722	623	489	251	78	.303	.360	.401	.760
116	 Oliver, A	CF	2368	9049	1189	2743	529	77	219	1326	535	756	84	64	.303	.344	.451	.795
117	 Brodie, S	CF	1437	5699	886	1727	191	89	25	900	420	148	289	0	.303	.365	.381	.746
118	 Ewing, B	C	1315	5363	1129	1625	250	178	71	883	392	294	354	0	.303	.351	.456	.807
119	 Rose, P	1B	3562	14053	2165	4256	746	135	160	1314	1566	1143	198	149	.303	.375	.409	.784
120	 Myer, B	2B	1923	7038	1174	2131	353	130	38	850	965	428	156	109	.303	.389	.406	.795
121	 Holliday, M	DH	1784	6620	1107	2004	450	32	297	1161	754	1240	107	37	.303	.382	.515	.897
122	 Kuenn, H	SS	1833	6913	951	2092	356	56	87	671	594	404	68	56	.303	.357	.408	.765
123	 Trosky, H	1B	1347	5161	835	1561	331	58	228	1012	545	440	28	23	.302	.371	.522	.892
124	 McKean, E	SS	1654	6890	1227	2083	272	158	67	1124	635	158	323	0	.302	.364	.417	.781
125	 Chapman, B	CF	1717	6478	1144	1958	407	107	90	977	824	556	287	135	.302	.383	.440	.823
126	 Casey, S	1B	1405	5066	690	1531	322	12	130	735	477	577	18	8	.302	.367	.447	.814
127	 Mays, W	CF	2992	10881	2062	3283	523	140	660	1903	1464	1526	338	103	.302	.384	.557	.941
128	 Cronin, J	SS	2124	7579	1232	2285	515	118	170	1424	1059	700	87	71	.301	.390	.468	.857
129	 Hack, S	3B	1938	7278	1239	2193	363	81	57	642	1092	466	165	0	.301	.394	.397	.791
130	 Thomas, F	1B	2322	8199	1494	2468	495	12	521	1704	1667	1397	32	23	.301	.419	.555	.974
131	 Gore, G	CF	1310	5357	1327	1612	262	94	46	618	717	332	170	0	.301	.386	.411	.797
132	 Hines, P	CF	1481	6253	1083	1881	368	84	56	751	366	304	153	0	.301	.343	.413	.756
133	 Pedroia, D	2B	1411	5645	879	1697	376	15	133	667	577	610	134	44	.301	.366	.443	.809
134	 Donovan, P	RF	1821	7496	1318	2253	207	75	16	736	453	131	518	0	.301	.347	.355	.702
135	 Alomar, R	2B	2379	9073	1508	2724	504	80	210	1134	1032	1140	474	114	.300	.371	.443	.814
136	 Berger, W	CF	1350	5163	809	1550	299	59	242	898	435	693	36	0	.300	.359	.522	.881
137	 Guerrero, P	1B	1536	5392	730	1618	267	29	215	898	609	862	97	47	.300	.370	.480	.850
138	 Martinez, V	DH	1745	6479	846	1944	386	3	227	1081	666	789	7	7	.300	.365	.466	.831
139	 Young, M	SS	1970	7918	1137	2375	441	60	185	1030	575	1235	90	30	.300	.346	.441	.787
140	 Slaughter, E	RF	2380	7946	1247	2383	413	148	169	1304	1018	538	71	15	.300	.382	.453	.834
141	 Goodman, B	2B	1623	5644	807	1691	299	44	19	591	669	329	37	30	.300	.376	.378	.754
142	 Furillo, C	RF	1806	6378	895	1910	324	56	192	1058	514	436	48	26	.299	.355	.458	.813
143	 Richardson, H	2B	1331	5642	1120	1688	303	126	70	822	377	445	205	0	.299	.344	.435	.779
144	 Carty, R	LF	1651	5606	712	1677	278	17	204	890	642	663	21	26	.299	.369	.464	.833
145	 Doyle, J	1B	1564	6039	971	1806	315	64	25	967	437	132	516	0	.299	.351	.385	.736
146	 Lofton, K	CF	2103	8120	1528	2428	383	116	130	781	945	1016	622	160	.299	.372	.423	.794
147	 McCormick, F	1B	1534	5723	722	1711	334	26	128	954	399	189	27	0	.299	.348	.434	.781
148	 West, S	OF	1753	6148	934	1838	347	101	75	838	696	540	53	56	.299	.371	.425	.796
149	 Bichette, D	RF	1704	6381	934	1906	401	27	274	1141	355	1078	152	73	.299	.336	.499	.835
150	 Minoso, M	LF	1835	6579	1136	1963	336	83	186	1023	814	584	205	130	.298	.389	.459	.848
151	 Cooper, C	1B	1896	7349	1012	2192	415	47	241	1125	448	911	89	49	.298	.337	.466	.803
152	 Rice, J	LF	2089	8225	1249	2452	373	79	382	1451	670	1423	58	34	.298	.352	.502	.854
153	 Mantle, M	CF	2401	8102	1677	2415	344	72	536	1509	1733	1710	153	38	.298	.421	.557	.977
154	 Vidro, J	2B	1418	5113	720	1524	341	12	128	654	478	556	23	16	.298	.359	.445	.804
155	 Bonds, B	LF	2986	9847	2227	2935	601	77	762	1996	2558	1539	514	141	.298	.444	.607	1.051
156	 Franco, J	SS	2527	8677	1285	2586	407	54	173	1194	917	1341	281	107	.298	.365	.417	.782
157	 DiMaggio, D	CF	1399	5640	1046	1680	308	57	87	618	750	571	100	62	.298	.383	.419	.802
158	 Kluszewski, T	1B	1718	5929	848	1766	290	29	279	1028	492	365	20	10	.298	.353	.498	.850
159	 Judge, J	1B	2171	7898	1185	2352	433	159	71	1034	965	478	213	92	.298	.378	.420	.798
160	 Fox, P	RF	1461	5636	895	1678	314	75	65	694	392	471	158	81	.298	.347	.415	.762
161	 Stivetts, J	P	601	1992	348	593	84	46	35	357	133	136	31	0	.298	.344	.439	.783
162	 Moore, J	LF	1335	5427	809	1615	258	53	79	513	348	247	46	0	.298	.344	.408	.752
163	 Torre, J	C	2209	7874	996	2342	344	59	252	1185	779	1094	23	29	.297	.365	.452	.817
164	 Hartnett, G	C	1990	6432	867	1912	396	64	236	1179	703	697	28	7	.297	.370	.489	.858
165	 Kaline, A	RF	2834	10116	1622	3007	498	75	399	1583	1277	1020	137	65	.297	.376	.480	.855
166	 Lewis, B	3B	1349	5261	830	1563	249	93	71	607	573	303	83	59	.297	.368	.420	.789
167	 Polanco, P	2B	1927	7214	1009	2142	348	32	104	723	429	538	81	30	.297	.343	.397	.740
168	 Williams, B	CF	2076	7869	1366	2336	449	55	287	1257	1069	1212	147	87	.297	.381	.477	.858
169	 Sweeney, M	1B	1454	5188	759	1540	325	5	215	909	522	613	53	25	.297	.366	.486	.851
170	 Bagwell, J	1B	2150	7797	1517	2314	488	32	449	1529	1401	1558	202	78	.297	.408	.540	.948
171	 Kelly, H	1B	1622	5993	819	1778	337	76	148	1020	386	694	65	43	.297	.342	.452	.794
172	 Cepeda, O	1B	2124	7927	1131	2351	417	27	379	1365	588	1169	142	80	.297	.350	.499	.849
173	 Stewart, S	LF	1386	5574	853	1653	315	41	115	580	504	684	196	71	.297	.360	.430	.790
174	 Rodriguez, I	C	2543	9592	1354	2844	572	51	311	1332	513	1474	127	64	.296	.334	.464	.798
175	 Griffey, K	RF	2097	7229	1129	2143	364	77	152	859	719	898	200	83	.296	.359	.431	.790
176	 Griffin, M	CF	1511	5914	1405	1753	313	108	42	719	809	206	473	0	.296	.388	.407	.795
177	 Johnson, B	LF	1863	6920	1239	2051	396	95	288	1283	1075	851	96	64	.296	.393	.506	.899
178	 Wright, D	3B	1583	5996	949	1777	390	26	242	970	761	1292	196	65	.296	.376	.491	.867
179	 Sanguillen, M	C	1448	5062	566	1500	205	57	65	585	223	331	35	38	.296	.326	.398	.724
180	 Cirillo, J	3B	1617	5396	800	1598	343	21	112	727	563	694	63	37	.296	.366	.430	.796
181	 Hernandez, K	1B	2088	7370	1124	2182	426	60	162	1071	1070	1012	98	63	.296	.384	.436	.821
182	 Cramer, D	CF	2239	9140	1357	2705	396	109	37	842	572	345	62	73	.296	.340	.375	.715
183	 Snider, D	CF	2143	7161	1259	2116	358	85	407	1333	971	1237	99	50	.295	.380	.540	.919
184	 Gonzalez, J	RF	1689	6556	1061	1936	388	25	434	1404	457	1273	26	19	.295	.343	.561	.904
185	 Zimmerman, H	3B	1456	5304	695	1566	275	105	58	796	242	404	175	33	.295	.331	.419	.750
186	 Watson, B	1B	1832	6185	802	1826	307	41	184	989	653	796	27	28	.295	.364	.447	.811
187	 Boudreau, L	SS	1646	6029	861	1779	385	66	68	789	796	309	51	50	.295	.380	.415	.795
188	 Whitney, P	3B	1539	5765	696	1701	303	56	93	927	400	438	45	0	.295	.343	.415	.758
189	 Seitzer, K	3B	1439	5278	739	1557	285	35	74	613	669	617	80	49	.295	.375	.404	.780
190	 Ramirez, H	1B	1484	5662	965	1670	345	32	240	823	592	1070	276	90	.295	.366	.494	.860
191	 Olerud, J	1B	2234	7592	1139	2239	500	13	255	1230	1275	1016	11	14	.295	.398	.465	.863
192	 Rivers, M	CF	1468	5629	785	1660	247	71	61	499	266	471	267	90	.295	.327	.397	.724
193	 Belle, A	LF	1539	5853	974	1726	389	21	381	1239	683	961	88	41	.295	.369	.564	.933
194	 Larkin, B	SS	2180	7937	1329	2340	441	76	198	960	939	817	379	77	.295	.371	.444	.815
195	 Rodriguez, A	SS	2784	10566	2021	3115	548	31	696	2086	1338	2287	329	76	.295	.380	.550	.930
196	 Loretta, M	2B	1726	5812	768	1713	309	22	76	629	555	605	47	35	.295	.360	.395	.754
197	 McGee, W	CF	2201	7649	1010	2254	350	94	79	856	448	1238	352	121	.295	.333	.396	.729
198	 Pierre, J	CF	1994	7525	1075	2217	255	94	18	517	464	479	614	203	.295	.343	.361	.704
199	 Davis, G	SS	2368	9031	1539	2660	451	163	72	1437	870	180	616	0	.295	.361	.404	.766
200	 Johnston, J	3B	1377	5070	754	1493	185	75	22	410	391	246	169	83	.294	.347	.374	.721
201	 Collins, J	3B	1725	6795	1055	1999	352	116	65	983	426	32	194	0	.294	.343	.409	.752
202	 Garvey, S	1B	2332	8835	1143	2599	440	43	272	1308	479	1003	83	62	.294	.329	.446	.775
203	 Robinson, F	RF	2808	10006	1829	2943	528	72	586	1812	1420	1532	204	77	.294	.389	.537	.926
204	 Walker, G	OF	1784	6771	955	1991	399	76	124	997	330	600	223	70	.294	.331	.430	.761
205	 Cooley, D	LF	1316	5364	847	1576	180	102	26	557	365	73	224	0	.294	.341	.380	.721
206	 Tenney, F	1B	1994	7595	1278	2231	270	77	22	688	874	43	285	0	.294	.371	.358	.730
207	 Davis, T	LF	1999	7223	811	2121	272	35	153	1052	381	754	136	59	.294	.329	.405	.733
208	 Raines, T	LF	2502	8872	1571	2605	430	113	170	980	1330	966	808	146	.294	.385	.425	.810
209	 Berkman, L	1B	1879	6491	1146	1905	422	30	366	1234	1201	1300	86	48	.293	.406	.537	.943
210	 Vaughn, M	1B	1512	5532	861	1620	270	10	328	1064	725	1429	30	18	.293	.383	.523	.906
211	 Selbach, K	LF	1610	6158	1064	1803	299	149	44	779	783	76	334	0	.293	.376	.411	.787
212	 Flood, C	CF	1759	6357	851	1861	271	44	85	636	444	609	88	73	.293	.342	.389	.732
213	 Cavarretta, P	1B	2030	6754	990	1977	347	99	95	920	820	598	65	0	.293	.372	.416	.788
214	 Anderson, G	LF	2228	8640	1084	2529	522	36	287	1365	429	1224	80	47	.293	.324	.461	.785
215	 Brock, L	LF	2616	10332	1610	3023	486	141	149	900	761	1730	938	307	.293	.343	.410	.753
216	 Higgins, P	3B	1802	6636	930	1941	374	51	140	1075	800	590	61	59	.292	.370	.428	.798
217	 Pratt, D	2B	1836	6826	859	1996	392	117	43	968	513	360	247	108	.292	.345	.403	.748
218	 Lazzeri, T	2B	1740	6297	986	1840	334	115	178	1191	869	864	148	79	.292	.380	.467	.846
219	 Williams, C	OF	2002	6780	1024	1981	306	74	251	1005	690	721	115	82	.292	.365	.470	.835
220	 Groh, H	3B	1676	6074	918	1774	308	87	26	566	696	345	180	66	.292	.373	.384	.757
221	 Allen, D	1B	1749	6332	1099	1848	320	79	351	1119	894	1556	133	52	.292	.378	.534	.912
222	 Sheffield, G	RF	2576	9217	1636	2689	467	27	509	1676	1475	1171	253	104	.292	.393	.514	.907
223	 McCarthy, T	RF	1275	5128	1069	1496	192	53	44	735	537	163	468	0	.292	.364	.376	.740
224	 Cross, L	3B	2275	9072	1333	2645	411	135	47	1371	464	90	301	0	.292	.328	.382	.710
225	 Munson, T	C	1423	5344	696	1558	229	32	113	701	438	571	48	50	.292	.346	.410	.756
226	 Magee, S	LF	2087	7441	1112	2169	425	166	83	1176	736	359	441	12	.291	.364	.427	.790
227	 Burks, E	CF	2000	7232	1253	2107	402	63	352	1206	793	1340	181	84	.291	.363	.510	.874
228	 Abreu, B	RF	2425	8480	1453	2470	574	59	288	1363	1476	1840	400	128	.291	.395	.475	.870
229	 Baerga, C	2B	1630	5439	731	1583	279	17	134	774	291	580	59	24	.291	.332	.423	.754
230	 Chase, H	1B	1919	7417	980	2158	322	124	57	941	276	306	363	15	.291	.319	.391	.710
231	 Johnson, L	CF	1447	5379	767	1565	175	117	34	486	352	384	327	105	.291	.334	.386	.720
232	 Runnels, P	2B	1799	6373	876	1854	282	64	49	630	844	627	37	51	.291	.375	.378	.753
233	 Moses, W	RF	2012	7356	1124	2138	435	110	89	679	821	457	174	81	.291	.364	.416	.779
234	 Giles, B	RF	1847	6527	1121	1897	411	55	287	1078	1183	835	109	45	.291	.400	.502	.902
235	 Piniella, L	LF	1747	5867	651	1705	305	41	102	766	368	541	32	41	.291	.333	.409	.741
236	 Jackson, T	SS	1656	6086	833	1768	291	86	135	929	412	565	71	13	.291	.337	.433	.770
237	 Tucker, T	1B	1687	6479	1084	1882	240	85	42	932	479	223	352	0	.290	.364	.373	.737
238	 Grimm, C	1B	2166	7917	908	2299	394	108	79	1077	578	410	57	44	.290	.341	.397	.738
239	 Butler, B	CF	2213	8180	1359	2375	277	131	54	578	1129	907	558	257	.290	.377	.376	.753
240	 Anderson, J	LF	1635	6341	870	1841	328	124	49	976	310	55	336	0	.290	.329	.404	.733
241	 Thomas, R	OF	1470	5296	1011	1537	100	53	7	299	1042	11	244	0	.290	.413	.333	.747
242	 Glasscock, J	SS	1736	7030	1163	2040	313	98	27	825	439	212	372	0	.290	.337	.374	.712
243	 Castillo, L	2B	1720	6510	1001	1889	194	59	28	443	800	850	370	142	.290	.368	.351	.719
244	 Crawford, C	LF	1716	6655	998	1931	309	123	136	766	377	1067	480	109	.290	.330	.435	.765
245	 Hargrove, M	1B	1666	5564	783	1614	266	28	80	686	965	550	24	37	.290	.396	.391	.787
246	 Williams, B	OF	2488	9350	1410	2711	434	88	426	1475	1045	1046	90	49	.290	.361	.492	.853
247	 Doyle, L	2B	1766	6509	960	1887	299	123	74	793	625	274	298	27	.290	.357	.408	.765
248	 Parker, D	RF	2466	9358	1272	2712	526	75	339	1493	683	1537	154	113	.290	.339	.471	.810
249	 Lansford, C	3B	1862	7158	1007	2074	332	40	151	874	553	719	224	104	.290	.343	.411	.753
250	 Butler, B	DH	1414	5105	592	1479	322	5	147	728	500	840	5	3	.290	.354	.441	.795